1. GSFC MASCON ID: This column represents the unique identifier for each MASCON (Mass Concentration) provided by the 
Goddard Space Flight Center (GSFC). Each MASCON ID corresponds to a specific area.
2. LATITUDE (DEG): Indicates the latitude in degrees of the MASCON’s center point. 
3. LONGITUDE (DEG): Indicates the longitude in degrees of the MASCON’s center point. 
4-13. REGRESSION COEFFICIENTS (a0 to a9): These columns represent coefficients (a0 through a9) of the regression model, 
which are typically used to transform Total Water Storage (TWS) time series into the vertical displacement time series.
------------------------------------------------------------------------------------------------------------------------------------------
5314      42.00      26.29    10.0799    -1.5100     0.1833     1.0284    -0.0278    -0.0061     0.3981    -0.0727     0.0323    -0.3233
5315      42.00      27.64    10.0910    -1.5133     0.1852     1.0393    -0.0094    -0.0077     0.4504     0.0288     0.0358    -0.4323
5321      41.00      25.90    10.0872    -1.5030     0.1743     0.6490     0.0526    -0.0095     0.3001    -0.1402    -0.0622    -0.4933
5322      41.00      27.23    10.0945    -1.5036     0.1775     0.6712     0.0591    -0.0103     0.3425    -0.0701    -0.0538    -0.5845
5323      41.00      28.56    10.1043    -1.5038     0.1791     0.7200     0.0673    -0.0114     0.3827     0.0129    -0.0611    -0.6766
8983      42.00      33.03    10.1573    -1.5043     0.1686     1.1543     0.1041    -0.0178     0.5277     0.5289    -0.2040    -0.8982
8984      42.00      34.38    10.1689    -1.5071     0.1680     1.1597     0.1306    -0.0200     0.5217     0.5672    -0.2854    -1.0087
8985      42.00      42.47     9.9773    -1.4972     0.2304    -0.9103     0.1958    -0.0098     0.6341     0.5920    -0.9492    -1.0117
8986      41.00      29.89    10.1165    -1.5029     0.1791     0.7905     0.0777    -0.0129     0.4148     0.1049    -0.0868    -0.7662
8987      41.00      31.22    10.1299    -1.5011     0.1780     0.8756     0.0903    -0.0146     0.4346     0.1981    -0.1302    -0.8503
8988      41.00      32.55    10.1432    -1.4995     0.1770     0.9647     0.1037    -0.0164     0.4420     0.2774    -0.1852    -0.9277
8989      41.00      33.87    10.1541    -1.5009     0.1781     1.0432     0.1166    -0.0181     0.4432     0.3184    -0.2418    -1.0000
8990      41.00      35.20    10.1600    -1.5087     0.1836     1.0923     0.1272    -0.0193     0.4514     0.2890    -0.2892    -1.0694
8991      41.00      36.53    10.1567    -1.5252     0.1951     1.0855     0.1316    -0.0197     0.4855     0.1591    -0.3208    -1.1300
8992      41.00      37.86    10.1393    -1.5471     0.2097     0.9761     0.1249    -0.0185     0.5603    -0.0654    -0.3456    -1.1608
8993      41.00      39.19    10.1054    -1.5645     0.2178     0.6882     0.1113    -0.0153     0.6611    -0.2826    -0.3992    -1.1294
8994      41.00      40.52    10.0574    -1.5642     0.2177     0.1950     0.1111    -0.0115     0.7261    -0.2986    -0.5181    -1.0238
8995      41.00      41.85    10.0046    -1.5302     0.2231    -0.4083     0.1429    -0.0093     0.6925    -0.0091    -0.7055    -0.9078
8996      40.00      28.15    10.1009    -1.4939     0.1768     0.4120     0.1151    -0.0128     0.2716    -0.0374    -0.1240    -0.7636
8997      40.00      29.45    10.1076    -1.4928     0.1804     0.5014     0.1108    -0.0133     0.3002     0.0130    -0.1309    -0.8234
8998      40.00      30.76    10.1157    -1.4925     0.1832     0.6114     0.1082    -0.0140     0.3230     0.0617    -0.1479    -0.8761
8999      40.00      32.07    10.1246    -1.4930     0.1858     0.7341     0.1075    -0.0150     0.3388     0.1019    -0.1731    -0.9211
9000      40.00      33.38    10.1330    -1.4950     0.1893     0.8584     0.1079    -0.0160     0.3490     0.1211    -0.2022    -0.9580
9001      40.00      34.69    10.1388    -1.4998     0.1945     0.9692     0.1079    -0.0168     0.3593     0.0994    -0.2287    -0.9867
9002      40.00      36.00    10.1395    -1.5088     0.2022     1.0461     0.1052    -0.0172     0.3806     0.0131    -0.2467    -1.0039
9003      40.00      37.31    10.1322    -1.5217     0.2109     1.0554     0.0977    -0.0167     0.4261    -0.1507    -0.2568    -0.9989
9004      40.00      38.62    10.1137    -1.5362     0.2162     0.9365     0.0878    -0.0150     0.5014    -0.3600    -0.2738    -0.9542
9005      40.00      39.93    10.0813    -1.5463     0.2165     0.6236     0.0863    -0.0125     0.5867    -0.5046    -0.3264    -0.8577
9006      39.00      30.32    10.1037    -1.4855     0.1886     0.4021     0.1244    -0.0137     0.2146     0.0253    -0.1667    -0.8684
9007      39.00      31.61    10.1082    -1.4864     0.1932     0.5307     0.1133    -0.0138     0.2327     0.0282    -0.1716    -0.8878
9008      39.00      34.19    10.1175    -1.4922     0.2026     0.8055     0.0964    -0.0146     0.2636    -0.0155    -0.1881    -0.8955
9009      39.00      35.48    10.1197    -1.4974     0.2074     0.9233     0.0890    -0.0149     0.2820    -0.0849    -0.1943    -0.8801
9010      40.00      26.84    10.0962    -1.4958     0.1720     0.3493     0.1202    -0.0126     0.2400    -0.0856    -0.1270    -0.6977
9011      39.00      26.45    10.0988    -1.4910     0.1651     0.1277     0.1675    -0.0146     0.1513    -0.0147    -0.1817    -0.7587
9012      39.00      27.74    10.0988    -1.4879     0.1757     0.1958     0.1526    -0.0141     0.1729     0.0001    -0.1712    -0.8041
9013      39.00      29.03    10.1005    -1.4860     0.1830     0.2890     0.1376    -0.0137     0.1945     0.0146    -0.1663    -0.8404
9014      39.00      32.90    10.1132    -1.4886     0.1978     0.6687     0.1042    -0.0142     0.2485     0.0177    -0.1795    -0.8973
9015      39.00      36.77    10.1178    -1.5048     0.2114     0.9958     0.0820    -0.0148     0.3110    -0.2023    -0.1960    -0.8449
9016      38.00      27.35    10.1005    -1.4831     0.1681     0.0975     0.1772    -0.0151     0.0943     0.1233    -0.2125    -0.7923
9017      38.00      28.62    10.0982    -1.4842     0.1842     0.1728     0.1583    -0.0144     0.1041     0.0967    -0.1973    -0.8236
9018      38.00      29.89    10.0973    -1.4847     0.1941     0.2682     0.1396    -0.0137     0.1178     0.0685    -0.1854    -0.8411
9019      38.00      31.17    10.0978    -1.4856     0.2007     0.3801     0.1226    -0.0133     0.1342     0.0359    -0.1766    -0.8462
9020      38.00      32.44    10.0994    -1.4872     0.2055     0.5053     0.1077    -0.0131     0.1523    -0.0047    -0.1701    -0.8384
9021      38.00      33.71    10.1015    -1.4896     0.2089     0.6368     0.0951    -0.0131     0.1714    -0.0576    -0.1652    -0.8161
9022      38.00      34.98    10.1033    -1.4928     0.2110     0.7610     0.0851    -0.0132     0.1917    -0.1284    -0.1603    -0.7770
9023      38.00      36.25    10.1036    -1.4972     0.2112     0.8575     0.0785    -0.0133     0.2155    -0.2223    -0.1525    -0.7168
9024      37.00      28.22    10.1007    -1.4751     0.1697     0.1915     0.1638    -0.0148     0.0453     0.2691    -0.2416    -0.7464
9025      37.00      29.48    10.0974    -1.4875     0.1950     0.2291     0.1510    -0.0142     0.0395     0.1928    -0.2132    -0.7874
9026      37.00      30.73    10.0942    -1.4938     0.2097     0.2966     0.1343    -0.0135     0.0474     0.1155    -0.1872    -0.7992
9027      37.00      31.99    10.0921    -1.4965     0.2169     0.3865     0.1167    -0.0128     0.0648     0.0377    -0.1653    -0.7861
9028      37.00      33.24    10.0911    -1.4978     0.2189     0.4901     0.1011    -0.0124     0.0873    -0.0418    -0.1475    -0.7509
9029      37.00      34.49    10.0911    -1.4991     0.2174     0.5957     0.0893    -0.0121     0.1117    -0.1249    -0.1313    -0.6934
9030      37.00      35.75    10.0911    -1.5013     0.2134     0.6901     0.0821    -0.0121     0.1370    -0.2117    -0.1120    -0.6107
9031      37.00      37.00    10.0895    -1.5047     0.2090     0.7624     0.0789    -0.0122     0.1642    -0.2983    -0.0850    -0.4986
9032      36.00      32.78    10.0848    -1.5226     0.2385     0.3885     0.1078    -0.0120     0.0122     0.0326    -0.1274    -0.6906
9033      36.00      34.02    10.0814    -1.5222     0.2314     0.4509     0.0944    -0.0113     0.0426    -0.0767    -0.0977    -0.6192
9034      36.00      35.26    10.0792    -1.5217     0.2206     0.5167     0.0866    -0.0110     0.0737    -0.1697    -0.0677    -0.5168
9035      36.00      36.49    10.0767    -1.5213     0.2116     0.5895     0.0815    -0.0109     0.1040    -0.2418    -0.0297    -0.3836
9044      42.00      43.82     9.9428    -1.3823     0.2628    -1.6259     0.3097    -0.0133     0.3925     1.1557    -1.2506    -1.1778
9045      42.00      45.17     9.9188    -1.2050     0.3158    -2.7254     0.5239    -0.0222     0.0171     1.7448    -1.7434    -1.8167
9046      41.00      43.17     9.9579    -1.4514     0.2449    -1.0680     0.2188    -0.0101     0.5445     0.5042    -0.9681    -0.9271
9047      41.00      44.50     9.9205    -1.3170     0.2865    -1.9117     0.3596    -0.0150     0.2715     1.1218    -1.3676    -1.2692
9048      41.00      45.83     9.8912    -1.1098     0.3486    -3.1731     0.5971    -0.0249    -0.1737     1.7751    -2.0079    -2.1568
9051      40.00      42.55     9.9854    -1.4991     0.2303    -0.4682     0.1525    -0.0091     0.5992    -0.1186    -0.6414    -0.6667
9052      40.00      43.85     9.9384    -1.4170     0.2572    -1.1424     0.2369    -0.0106     0.4627     0.3905    -0.9502    -0.7761
9053      40.00      45.16     9.8974    -1.2820     0.3008    -1.9907     0.3739    -0.0153     0.2027     0.9970    -1.4229    -1.2051
9057      39.00      43.23     9.9706    -1.4779     0.2356    -0.4261     0.1564    -0.0091     0.5060    -0.1979    -0.5308    -0.3858
9058      39.00      44.52     9.9252    -1.4059     0.2614    -1.0493     0.2333    -0.0105     0.4049     0.2402    -0.8495    -0.5275
9059      39.00      45.81     9.8845    -1.2941     0.2990    -1.7848     0.3442    -0.0141     0.2093     0.7577    -1.3113    -0.9142
9062      38.00      45.16     9.9273    -1.4196     0.2557    -0.7715     0.2069    -0.0099     0.3623     0.0657    -0.6228    -0.1997
9065      37.00      45.78     9.9486    -1.4480     0.2429    -0.3445     0.1649    -0.0093     0.3072    -0.1011    -0.3061     0.1270
9072      40.00      41.24    10.0357    -1.5388     0.2183     0.1279     0.1052    -0.0100     0.6340    -0.4405    -0.4425    -0.7340
9073      39.00      38.06    10.1094    -1.5145     0.2132     0.9848     0.0766    -0.0142     0.3584    -0.3625    -0.1945    -0.7784
9074      39.00      39.35    10.0909    -1.5248     0.2133     0.8449     0.0757    -0.0129     0.4244    -0.5216    -0.1997    -0.6707
9075      39.00      40.65    10.0595    -1.5291     0.2144     0.5488     0.0843    -0.0111     0.4918    -0.5925    -0.2352    -0.5327
9076      39.00      41.94    10.0173    -1.5166     0.2207     0.1117     0.1088    -0.0095     0.5287    -0.4909    -0.3349    -0.4131
9077      38.00      37.53    10.1003    -1.5035     0.2099     0.9032     0.0758    -0.0133     0.2472    -0.3381    -0.1382    -0.6278
9078      38.00      38.80    10.0905    -1.5111     0.2087     0.8768     0.0759    -0.0128     0.2904    -0.4596    -0.1177    -0.5036
9079      38.00      40.07    10.0715    -1.5167     0.2094     0.7593     0.0785    -0.0119     0.3423    -0.5516    -0.1018    -0.3509
9080      38.00      41.34    10.0427    -1.5155     0.2135     0.5347     0.0865    -0.0105     0.3918    -0.5680    -0.1149    -0.1982
9081      38.00      42.61    10.0064    -1.5020     0.2218     0.1966     0.1066    -0.0094     0.4220    -0.4716    -0.1893    -0.0917
9082      38.00      43.89     9.9665    -1.4713     0.2356    -0.2461     0.1459    -0.0090     0.4163    -0.2532    -0.3537    -0.0797
9083      37.00      38.26    10.0842    -1.5084     0.2059     0.8049     0.0775    -0.0121     0.1947    -0.3767    -0.0489    -0.3574
9084      37.00      39.51    10.0736    -1.5109     0.2056     0.8079     0.0760    -0.0117     0.2280    -0.4371    -0.0091    -0.1964
9085      37.00      40.77    10.0569    -1.5106     0.2081     0.7549     0.0753    -0.0110     0.2619    -0.4694     0.0223    -0.0340
9086      37.00      42.02    10.0345    -1.5060     0.2131     0.6240     0.0790    -0.0100     0.2926    -0.4622     0.0278     0.1054
9087      37.00      43.28    10.0072    -1.4953     0.2205     0.3960     0.0926    -0.0092     0.3148    -0.4029    -0.0142     0.1941
9088      37.00      44.53     9.9775    -1.4765     0.2305     0.0661     0.1209    -0.0089     0.3218    -0.2823    -0.1232     0.2065
9089      36.00      38.97    10.0671    -1.5162     0.2053     0.7587     0.0680    -0.0105     0.1556    -0.3120     0.0660    -0.0620
9090      36.00      40.21    10.0593    -1.5113     0.2064     0.8256     0.0610    -0.0102     0.1732    -0.3194     0.1119     0.0946
9091      36.00      41.44    10.0492    -1.5059     0.2090     0.8493     0.0572    -0.0099     0.1859    -0.3197     0.1475     0.2302
9092      36.00      42.68    10.0363    -1.5006     0.2126     0.8065     0.0593    -0.0095     0.1961    -0.3175     0.1644     0.3349
9093      36.00      43.92    10.0205    -1.4950     0.2173     0.6795     0.0694    -0.0092     0.2053    -0.3099     0.1516     0.3992
9094      36.00      45.15    10.0024    -1.4880     0.2229     0.4610     0.0895    -0.0090     0.2133    -0.2866     0.0973     0.4126
9145      36.00      37.73    10.0729    -1.5198     0.2066     0.6731     0.0755    -0.0108     0.1321    -0.2887     0.0166    -0.2269
